function p = params()
%PARAMS  轮腿平衡机器人共享物理参数 (05/06/07 建模通用)
    p.g     = 9.78;
    p.Rw    = 0.0752;
    p.Rb    = 0.362 / 2;
    p.mb    = 13.845198;
    p.Ib    = 0.462592306;
    p.db    = 0.1275972;
    p.Iphi  = 0.314373184;
    p.thetab0 = pi / 2;
    p.mw    = 0.21;
    p.Iw    = 0.00038332661;
    p.ml    = 1.62;
end
